0,1000000,fal,1.05,1,bs,32,543.8173999999999
1,1000000,fal,1.05,1,tip,32,188.48279999999997
2,1000000,fal,1.05,1,tip4,32,252.6298000000001
3,1000000,fal,1.05,1,tip16,32,249.04439999999988
4,1000000,fal,1.05,1,tip64,32,209.84980000000004
5,1000000,fal,1.05,1,tip256,32,170.7155000000001
6,1000000,fal,1.05,1,tip1024,32,144.26229999999998
7,100000,fal,1.05,1,bs,32,146.195
8,100000,fal,1.05,1,tip,32,96.67
9,100000,fal,1.05,1,tip4,32,96.28
10,100000,fal,1.05,1,tip16,32,86.67999999999998
11,100000,fal,1.05,1,tip64,32,75.52600000000001
12,100000,fal,1.05,1,tip256,32,101.95799999999996
13,100000,fal,1.05,1,tip1024,32,94.73899999999998
